1.00 0.00 0.00
1.00 0.01 0.00
1.00 0.02 0.00
1.00 0.03 0.00
1.00 0.04 0.00
1.00 0.05 0.00
1.00 0.06 0.00
1.00 0.07 0.00
1.00 0.08 0.00
1.00 0.09 0.00
1.00 0.10 0.00
0.99 0.11 0.00
0.99 0.12 0.00
0.99 0.13 0.00
0.99 0.14 0.00
0.99 0.15 0.00
0.99 0.16 0.00
0.99 0.17 0.00
0.98 0.18 0.00
0.98 0.19 0.00
0.98 0.20 0.00
0.98 0.21 0.00
0.98 0.22 0.00
0.97 0.23 0.00
0.97 0.24 0.00
0.97 0.25 0.00
0.97 0.26 0.00
0.96 0.27 0.00
0.96 0.28 0.00
0.96 0.28 0.00
0.96 0.29 0.00
0.95 0.30 0.00
0.95 0.31 0.00
0.95 0.32 0.00
0.94 0.33 0.00
0.94 0.34 0.00
0.94 0.35 0.00
0.93 0.36 0.00
0.93 0.37 0.00
0.93 0.38 0.00
0.92 0.39 0.00
0.92 0.40 0.00
0.91 0.41 0.00
0.91 0.41 0.00
0.91 0.42 0.00
0.90 0.43 0.00
0.90 0.44 0.00
0.89 0.45 0.00
0.89 0.46 0.00
0.88 0.47 0.00
0.88 0.48 0.00
0.87 0.49 0.00
0.87 0.49 0.00
0.86 0.50 0.00
0.86 0.51 0.00
0.85 0.52 0.00
0.85 0.53 0.00
0.84 0.54 0.00
0.84 0.55 0.00
0.83 0.55 0.00
0.83 0.56 0.00
0.82 0.57 0.00
0.82 0.58 0.00
0.81 0.59 0.00
0.80 0.59 0.00
0.80 0.60 0.00
0.79 0.61 0.00
0.79 0.62 0.00
0.78 0.63 0.00
0.77 0.63 0.00
0.77 0.64 0.00
0.76 0.65 0.00
0.75 0.66 0.00
0.75 0.66 0.00
0.74 0.67 0.00
0.73 0.68 0.00
0.73 0.69 0.00
0.72 0.69 0.00
0.71 0.70 0.00
0.71 0.71 0.00
0.70 0.71 0.00
0.69 0.72 0.00
0.69 0.73 0.00
0.68 0.74 0.00
0.67 0.74 0.00
0.66 0.75 0.00
0.66 0.76 0.00
0.65 0.76 0.00
0.64 0.77 0.00
0.63 0.77 0.00
0.63 0.78 0.00
0.62 0.79 0.00
0.61 0.79 0.00
0.60 0.80 0.00
0.59 0.80 0.00
0.59 0.81 0.00
0.58 0.82 0.00
0.57 0.82 0.00
0.56 0.83 0.00
0.55 0.83 0.00
0.54 0.84 0.00
0.54 0.84 0.00
0.53 0.85 0.00
0.52 0.85 0.00
0.51 0.86 0.00
0.50 0.86 0.00
0.49 0.87 0.00
0.48 0.87 0.00
0.48 0.88 0.00
0.47 0.88 0.00
0.46 0.89 0.00
0.45 0.89 0.00
0.44 0.90 0.00
0.43 0.90 0.00
0.42 0.91 0.00
0.41 0.91 0.00
0.40 0.91 0.00
0.40 0.92 0.00
0.39 0.92 0.00
0.38 0.93 0.00
0.37 0.93 0.00
0.36 0.93 0.00
0.35 0.94 0.00
0.34 0.94 0.00
0.33 0.94 0.00
0.32 0.95 0.00
0.31 0.95 0.00
0.30 0.95 0.00
0.29 0.96 0.00
0.28 0.96 0.00
0.27 0.96 0.00
0.26 0.96 0.00
0.25 0.97 0.00
0.24 0.97 0.00
0.24 0.97 0.00
0.23 0.97 0.00
0.22 0.98 0.00
0.21 0.98 0.00
0.20 0.98 0.00
0.19 0.98 0.00
0.18 0.98 0.00
0.17 0.99 0.00
0.16 0.99 0.00
0.15 0.99 0.00
0.14 0.99 0.00
0.13 0.99 0.00
0.12 0.99 0.00
0.11 0.99 0.00
0.10 1.00 0.00
0.09 1.00 0.00
0.08 1.00 0.00
0.07 1.00 0.00
0.06 1.00 0.00
0.05 1.00 0.00
0.04 1.00 0.00
0.03 1.00 0.00
0.02 1.00 0.00
0.01 1.00 0.00
-0.00 1.00 0.00
-0.01 1.00 0.00
-0.02 1.00 0.00
-0.03 1.00 0.00
-0.04 1.00 0.00
-0.05 1.00 0.00
-0.06 1.00 0.00
-0.07 1.00 0.00
-0.08 1.00 0.00
-0.09 1.00 0.00
-0.10 0.99 0.00
-0.11 0.99 0.00
-0.12 0.99 0.00
-0.13 0.99 0.00
-0.14 0.99 0.00
-0.15 0.99 0.00
-0.16 0.99 0.00
-0.17 0.99 0.00
-0.18 0.98 0.00
-0.19 0.98 0.00
-0.20 0.98 0.00
-0.21 0.98 0.00
-0.22 0.98 0.00
-0.23 0.97 0.00
-0.24 0.97 0.00
-0.25 0.97 0.00
-0.26 0.97 0.00
-0.27 0.96 0.00
-0.28 0.96 0.00
-0.29 0.96 0.00
-0.30 0.96 0.00
-0.30 0.95 0.00
-0.31 0.95 0.00
-0.32 0.95 0.00
-0.33 0.94 0.00
-0.34 0.94 0.00
-0.35 0.94 0.00
-0.36 0.93 0.00
-0.37 0.93 0.00
-0.38 0.93 0.00
-0.39 0.92 0.00
-0.40 0.92 0.00
-0.41 0.91 0.00
1.00 0.00 0.60
1.00 0.01 0.60
1.00 0.02 0.60
1.00 0.03 0.60
1.00 0.04 0.60
1.00 0.05 0.60
1.00 0.06 0.60
1.00 0.07 0.60
1.00 0.08 0.60
1.00 0.09 0.60
1.00 0.10 0.60
0.99 0.11 0.60
0.99 0.12 0.60
0.99 0.13 0.60
0.99 0.14 0.60
0.99 0.15 0.60
0.99 0.16 0.60
0.99 0.17 0.60
0.98 0.18 0.60
0.98 0.19 0.60
0.98 0.20 0.60
0.98 0.21 0.60
0.98 0.22 0.60
0.97 0.23 0.60
0.97 0.24 0.60
0.97 0.25 0.60
0.97 0.26 0.60
0.96 0.27 0.60
0.96 0.28 0.60
0.96 0.28 0.60
0.96 0.29 0.60
0.95 0.30 0.60
0.95 0.31 0.60
0.95 0.32 0.60
0.94 0.33 0.60
0.94 0.34 0.60
0.94 0.35 0.60
0.93 0.36 0.60
0.93 0.37 0.60
0.93 0.38 0.60
0.92 0.39 0.60
0.92 0.40 0.60
0.91 0.41 0.60
0.91 0.41 0.60
0.91 0.42 0.60
0.90 0.43 0.60
0.90 0.44 0.60
0.89 0.45 0.60
0.89 0.46 0.60
0.88 0.47 0.60
0.88 0.48 0.60
0.87 0.49 0.60
0.87 0.49 0.60
0.86 0.50 0.60
0.86 0.51 0.60
0.85 0.52 0.60
0.85 0.53 0.60
0.84 0.54 0.60
0.84 0.55 0.60
0.83 0.55 0.60
0.83 0.56 0.60
0.82 0.57 0.60
0.82 0.58 0.60
0.81 0.59 0.60
0.80 0.59 0.60
0.80 0.60 0.60
0.79 0.61 0.60
0.79 0.62 0.60
0.78 0.63 0.60
0.77 0.63 0.60
0.77 0.64 0.60
0.76 0.65 0.60
0.75 0.66 0.60
0.75 0.66 0.60
0.74 0.67 0.60
0.73 0.68 0.60
0.73 0.69 0.60
0.72 0.69 0.60
0.71 0.70 0.60
0.71 0.71 0.60
0.70 0.71 0.60
0.69 0.72 0.60
0.69 0.73 0.60
0.68 0.74 0.60
0.67 0.74 0.60
0.66 0.75 0.60
0.66 0.76 0.60
0.65 0.76 0.60
0.64 0.77 0.60
0.63 0.77 0.60
0.63 0.78 0.60
0.62 0.79 0.60
0.61 0.79 0.60
0.60 0.80 0.60
0.59 0.80 0.60
0.59 0.81 0.60
0.58 0.82 0.60
0.57 0.82 0.60
0.56 0.83 0.60
0.55 0.83 0.60
0.54 0.84 0.60
0.54 0.84 0.60
0.53 0.85 0.60
0.52 0.85 0.60
0.51 0.86 0.60
0.50 0.86 0.60
0.49 0.87 0.60
0.48 0.87 0.60
0.48 0.88 0.60
0.47 0.88 0.60
0.46 0.89 0.60
0.45 0.89 0.60
0.44 0.90 0.60
0.43 0.90 0.60
0.42 0.91 0.60
0.41 0.91 0.60
0.40 0.91 0.60
0.40 0.92 0.60
0.39 0.92 0.60
0.38 0.93 0.60
0.37 0.93 0.60
0.36 0.93 0.60
0.35 0.94 0.60
0.34 0.94 0.60
0.33 0.94 0.60
0.32 0.95 0.60
0.31 0.95 0.60
0.30 0.95 0.60
0.29 0.96 0.60
0.28 0.96 0.60
0.27 0.96 0.60
0.26 0.96 0.60
0.25 0.97 0.60
0.24 0.97 0.60
0.24 0.97 0.60
0.23 0.97 0.60
0.22 0.98 0.60
0.21 0.98 0.60
0.20 0.98 0.60
0.19 0.98 0.60
0.18 0.98 0.60
0.17 0.99 0.60
0.16 0.99 0.60
0.15 0.99 0.60
0.14 0.99 0.60
0.13 0.99 0.60
0.12 0.99 0.60
0.11 0.99 0.60
0.10 1.00 0.60
0.09 1.00 0.60
0.08 1.00 0.60
0.07 1.00 0.60
0.06 1.00 0.60
0.05 1.00 0.60
0.04 1.00 0.60
0.03 1.00 0.60
0.02 1.00 0.60
0.01 1.00 0.60
-0.00 1.00 0.60
-0.01 1.00 0.60
-0.02 1.00 0.60
-0.03 1.00 0.60
-0.04 1.00 0.60
-0.05 1.00 0.60
-0.06 1.00 0.60
-0.07 1.00 0.60
-0.08 1.00 0.60
-0.09 1.00 0.60
-0.10 0.99 0.60
-0.11 0.99 0.60
-0.12 0.99 0.60
-0.13 0.99 0.60
-0.14 0.99 0.60
-0.15 0.99 0.60
-0.16 0.99 0.60
-0.17 0.99 0.60
-0.18 0.98 0.60
-0.19 0.98 0.60
-0.20 0.98 0.60
-0.21 0.98 0.60
-0.22 0.98 0.60
-0.23 0.97 0.60
-0.24 0.97 0.60
-0.25 0.97 0.60
-0.26 0.97 0.60
-0.27 0.96 0.60
-0.28 0.96 0.60
-0.29 0.96 0.60
-0.30 0.96 0.60
-0.30 0.95 0.60
-0.31 0.95 0.60
-0.32 0.95 0.60
-0.33 0.94 0.60
-0.34 0.94 0.60
-0.35 0.94 0.60
-0.36 0.93 0.60
-0.37 0.93 0.60
-0.38 0.93 0.60
-0.39 0.92 0.60
-0.40 0.92 0.60
-0.41 0.91 0.60
1.00 0.00 1.20
1.00 0.01 1.20
1.00 0.02 1.20
1.00 0.03 1.20
1.00 0.04 1.20
1.00 0.05 1.20
1.00 0.06 1.20
1.00 0.07 1.20
1.00 0.08 1.20
1.00 0.09 1.20
1.00 0.10 1.20
0.99 0.11 1.20
0.99 0.12 1.20
0.99 0.13 1.20
0.99 0.14 1.20
0.99 0.15 1.20
0.99 0.16 1.20
0.99 0.17 1.20
0.98 0.18 1.20
0.98 0.19 1.20
0.98 0.20 1.20
0.98 0.21 1.20
0.98 0.22 1.20
0.97 0.23 1.20
0.97 0.24 1.20
0.97 0.25 1.20
0.97 0.26 1.20
0.96 0.27 1.20
0.96 0.28 1.20
0.96 0.28 1.20
0.96 0.29 1.20
0.95 0.30 1.20
0.95 0.31 1.20
0.95 0.32 1.20
0.94 0.33 1.20
0.94 0.34 1.20
0.94 0.35 1.20
0.93 0.36 1.20
0.93 0.37 1.20
0.93 0.38 1.20
0.92 0.39 1.20
0.92 0.40 1.20
0.91 0.41 1.20
0.91 0.41 1.20
0.91 0.42 1.20
0.90 0.43 1.20
0.90 0.44 1.20
0.89 0.45 1.20
0.89 0.46 1.20
0.88 0.47 1.20
0.88 0.48 1.20
0.87 0.49 1.20
0.87 0.49 1.20
0.86 0.50 1.20
0.86 0.51 1.20
0.85 0.52 1.20
0.85 0.53 1.20
0.84 0.54 1.20
0.84 0.55 1.20
0.83 0.55 1.20
0.83 0.56 1.20
0.82 0.57 1.20
0.82 0.58 1.20
0.81 0.59 1.20
0.80 0.59 1.20
0.80 0.60 1.20
0.79 0.61 1.20
0.79 0.62 1.20
0.78 0.63 1.20
0.77 0.63 1.20
0.77 0.64 1.20
0.76 0.65 1.20
0.75 0.66 1.20
0.75 0.66 1.20
0.74 0.67 1.20
0.73 0.68 1.20
0.73 0.69 1.20
0.72 0.69 1.20
0.71 0.70 1.20
0.71 0.71 1.20
0.70 0.71 1.20
0.69 0.72 1.20
0.69 0.73 1.20
0.68 0.74 1.20
0.67 0.74 1.20
0.66 0.75 1.20
0.66 0.76 1.20
0.65 0.76 1.20
0.64 0.77 1.20
0.63 0.77 1.20
0.63 0.78 1.20
0.62 0.79 1.20
0.61 0.79 1.20
0.60 0.80 1.20
0.59 0.80 1.20
0.59 0.81 1.20
0.58 0.82 1.20
0.57 0.82 1.20
0.56 0.83 1.20
0.55 0.83 1.20
0.54 0.84 1.20
0.54 0.84 1.20
0.53 0.85 1.20
0.52 0.85 1.20
0.51 0.86 1.20
0.50 0.86 1.20
0.49 0.87 1.20
0.48 0.87 1.20
0.48 0.88 1.20
0.47 0.88 1.20
0.46 0.89 1.20
0.45 0.89 1.20
0.44 0.90 1.20
0.43 0.90 1.20
0.42 0.91 1.20
0.41 0.91 1.20
0.40 0.91 1.20
0.40 0.92 1.20
0.39 0.92 1.20
0.38 0.93 1.20
0.37 0.93 1.20
0.36 0.93 1.20
0.35 0.94 1.20
0.34 0.94 1.20
0.33 0.94 1.20
0.32 0.95 1.20
0.31 0.95 1.20
0.30 0.95 1.20
0.29 0.96 1.20
0.28 0.96 1.20
0.27 0.96 1.20
0.26 0.96 1.20
0.25 0.97 1.20
0.24 0.97 1.20
0.24 0.97 1.20
0.23 0.97 1.20
0.22 0.98 1.20
0.21 0.98 1.20
0.20 0.98 1.20
0.19 0.98 1.20
0.18 0.98 1.20
0.17 0.99 1.20
0.16 0.99 1.20
0.15 0.99 1.20
0.14 0.99 1.20
0.13 0.99 1.20
0.12 0.99 1.20
0.11 0.99 1.20
0.10 1.00 1.20
0.09 1.00 1.20
0.08 1.00 1.20
0.07 1.00 1.20
0.06 1.00 1.20
0.05 1.00 1.20
0.04 1.00 1.20
0.03 1.00 1.20
0.02 1.00 1.20
0.01 1.00 1.20
-0.00 1.00 1.20
-0.01 1.00 1.20
-0.02 1.00 1.20
-0.03 1.00 1.20
-0.04 1.00 1.20
-0.05 1.00 1.20
-0.06 1.00 1.20
-0.07 1.00 1.20
-0.08 1.00 1.20
-0.09 1.00 1.20
-0.10 0.99 1.20
-0.11 0.99 1.20
-0.12 0.99 1.20
-0.13 0.99 1.20
-0.14 0.99 1.20
-0.15 0.99 1.20
-0.16 0.99 1.20
-0.17 0.99 1.20
-0.18 0.98 1.20
-0.19 0.98 1.20
-0.20 0.98 1.20
-0.21 0.98 1.20
-0.22 0.98 1.20
-0.23 0.97 1.20
-0.24 0.97 1.20
-0.25 0.97 1.20
-0.26 0.97 1.20
-0.27 0.96 1.20
-0.28 0.96 1.20
-0.29 0.96 1.20
-0.30 0.96 1.20
-0.30 0.95 1.20
-0.31 0.95 1.20
-0.32 0.95 1.20
-0.33 0.94 1.20
-0.34 0.94 1.20
-0.35 0.94 1.20
-0.36 0.93 1.20
-0.37 0.93 1.20
-0.38 0.93 1.20
-0.39 0.92 1.20
-0.40 0.92 1.20
-0.41 0.91 1.20
1.00 0.00 1.80
1.00 0.01 1.80
1.00 0.02 1.80
1.00 0.03 1.80
1.00 0.04 1.80
1.00 0.05 1.80
1.00 0.06 1.80
1.00 0.07 1.80
1.00 0.08 1.80
1.00 0.09 1.80
1.00 0.10 1.80
0.99 0.11 1.80
0.99 0.12 1.80
0.99 0.13 1.80
0.99 0.14 1.80
0.99 0.15 1.80
0.99 0.16 1.80
0.99 0.17 1.80
0.98 0.18 1.80
0.98 0.19 1.80
0.98 0.20 1.80
0.98 0.21 1.80
0.98 0.22 1.80
0.97 0.23 1.80
0.97 0.24 1.80
0.97 0.25 1.80
0.97 0.26 1.80
0.96 0.27 1.80
0.96 0.28 1.80
0.96 0.28 1.80
0.96 0.29 1.80
0.95 0.30 1.80
0.95 0.31 1.80
0.95 0.32 1.80
0.94 0.33 1.80
0.94 0.34 1.80
0.94 0.35 1.80
0.93 0.36 1.80
0.93 0.37 1.80
0.93 0.38 1.80
0.92 0.39 1.80
0.92 0.40 1.80
0.91 0.41 1.80
0.91 0.41 1.80
0.91 0.42 1.80
0.90 0.43 1.80
0.90 0.44 1.80
0.89 0.45 1.80
0.89 0.46 1.80
0.88 0.47 1.80
0.88 0.48 1.80
0.87 0.49 1.80
0.87 0.49 1.80
0.86 0.50 1.80
0.86 0.51 1.80
0.85 0.52 1.80
0.85 0.53 1.80
0.84 0.54 1.80
0.84 0.55 1.80
0.83 0.55 1.80
0.83 0.56 1.80
0.82 0.57 1.80
0.82 0.58 1.80
0.81 0.59 1.80
0.80 0.59 1.80
0.80 0.60 1.80
0.79 0.61 1.80
0.79 0.62 1.80
0.78 0.63 1.80
0.77 0.63 1.80
0.77 0.64 1.80
0.76 0.65 1.80
0.75 0.66 1.80
0.75 0.66 1.80
0.74 0.67 1.80
0.73 0.68 1.80
0.73 0.69 1.80
0.72 0.69 1.80
0.71 0.70 1.80
0.71 0.71 1.80
0.70 0.71 1.80
0.69 0.72 1.80
0.69 0.73 1.80
0.68 0.74 1.80
0.67 0.74 1.80
0.66 0.75 1.80
0.66 0.76 1.80
0.65 0.76 1.80
0.64 0.77 1.80
0.63 0.77 1.80
0.63 0.78 1.80
0.62 0.79 1.80
0.61 0.79 1.80
0.60 0.80 1.80
0.59 0.80 1.80
0.59 0.81 1.80
0.58 0.82 1.80
0.57 0.82 1.80
0.56 0.83 1.80
0.55 0.83 1.80
0.54 0.84 1.80
0.54 0.84 1.80
0.53 0.85 1.80
0.52 0.85 1.80
0.51 0.86 1.80
0.50 0.86 1.80
0.49 0.87 1.80
0.48 0.87 1.80
0.48 0.88 1.80
0.47 0.88 1.80
0.46 0.89 1.80
0.45 0.89 1.80
0.44 0.90 1.80
0.43 0.90 1.80
0.42 0.91 1.80
0.41 0.91 1.80
0.40 0.91 1.80
0.40 0.92 1.80
0.39 0.92 1.80
0.38 0.93 1.80
0.37 0.93 1.80
0.36 0.93 1.80
0.35 0.94 1.80
0.34 0.94 1.80
0.33 0.94 1.80
0.32 0.95 1.80
0.31 0.95 1.80
0.30 0.95 1.80
0.29 0.96 1.80
0.28 0.96 1.80
0.27 0.96 1.80
0.26 0.96 1.80
0.25 0.97 1.80
0.24 0.97 1.80
0.24 0.97 1.80
0.23 0.97 1.80
0.22 0.98 1.80
0.21 0.98 1.80
0.20 0.98 1.80
0.19 0.98 1.80
0.18 0.98 1.80
0.17 0.99 1.80
0.16 0.99 1.80
0.15 0.99 1.80
0.14 0.99 1.80
0.13 0.99 1.80
0.12 0.99 1.80
0.11 0.99 1.80
0.10 1.00 1.80
0.09 1.00 1.80
0.08 1.00 1.80
0.07 1.00 1.80
0.06 1.00 1.80
0.05 1.00 1.80
0.04 1.00 1.80
0.03 1.00 1.80
0.02 1.00 1.80
0.01 1.00 1.80
-0.00 1.00 1.80
-0.01 1.00 1.80
-0.02 1.00 1.80
-0.03 1.00 1.80
-0.04 1.00 1.80
-0.05 1.00 1.80
-0.06 1.00 1.80
-0.07 1.00 1.80
-0.08 1.00 1.80
-0.09 1.00 1.80
-0.10 0.99 1.80
-0.11 0.99 1.80
-0.12 0.99 1.80
-0.13 0.99 1.80
-0.14 0.99 1.80
-0.15 0.99 1.80
-0.16 0.99 1.80
-0.17 0.99 1.80
-0.18 0.98 1.80
-0.19 0.98 1.80
-0.20 0.98 1.80
-0.21 0.98 1.80
-0.22 0.98 1.80
-0.23 0.97 1.80
-0.24 0.97 1.80
-0.25 0.97 1.80
-0.26 0.97 1.80
-0.27 0.96 1.80
-0.28 0.96 1.80
-0.29 0.96 1.80
-0.30 0.96 1.80
-0.30 0.95 1.80
-0.31 0.95 1.80
-0.32 0.95 1.80
-0.33 0.94 1.80
-0.34 0.94 1.80
-0.35 0.94 1.80
-0.36 0.93 1.80
-0.37 0.93 1.80
-0.38 0.93 1.80
-0.39 0.92 1.80
-0.40 0.92 1.80
-0.41 0.91 1.80
1.00 0.00 2.40
1.00 0.01 2.40
1.00 0.02 2.40
1.00 0.03 2.40
1.00 0.04 2.40
1.00 0.05 2.40
1.00 0.06 2.40
1.00 0.07 2.40
1.00 0.08 2.40
1.00 0.09 2.40
1.00 0.10 2.40
0.99 0.11 2.40
0.99 0.12 2.40
0.99 0.13 2.40
0.99 0.14 2.40
0.99 0.15 2.40
0.99 0.16 2.40
0.99 0.17 2.40
0.98 0.18 2.40
0.98 0.19 2.40
0.98 0.20 2.40
0.98 0.21 2.40
0.98 0.22 2.40
0.97 0.23 2.40
0.97 0.24 2.40
0.97 0.25 2.40
0.97 0.26 2.40
0.96 0.27 2.40
0.96 0.28 2.40
0.96 0.28 2.40
0.96 0.29 2.40
0.95 0.30 2.40
0.95 0.31 2.40
0.95 0.32 2.40
0.94 0.33 2.40
0.94 0.34 2.40
0.94 0.35 2.40
0.93 0.36 2.40
0.93 0.37 2.40
0.93 0.38 2.40
0.92 0.39 2.40
0.92 0.40 2.40
0.91 0.41 2.40
0.91 0.41 2.40
0.91 0.42 2.40
0.90 0.43 2.40
0.90 0.44 2.40
0.89 0.45 2.40
0.89 0.46 2.40
0.88 0.47 2.40
0.88 0.48 2.40
0.87 0.49 2.40
0.87 0.49 2.40
0.86 0.50 2.40
0.86 0.51 2.40
0.85 0.52 2.40
0.85 0.53 2.40
0.84 0.54 2.40
0.84 0.55 2.40
0.83 0.55 2.40
0.83 0.56 2.40
0.82 0.57 2.40
0.82 0.58 2.40
0.81 0.59 2.40
0.80 0.59 2.40
0.80 0.60 2.40
0.79 0.61 2.40
0.79 0.62 2.40
0.78 0.63 2.40
0.77 0.63 2.40
0.77 0.64 2.40
0.76 0.65 2.40
0.75 0.66 2.40
0.75 0.66 2.40
0.74 0.67 2.40
0.73 0.68 2.40
0.73 0.69 2.40
0.72 0.69 2.40
0.71 0.70 2.40
0.71 0.71 2.40
0.70 0.71 2.40
0.69 0.72 2.40
0.69 0.73 2.40
0.68 0.74 2.40
0.67 0.74 2.40
0.66 0.75 2.40
0.66 0.76 2.40
0.65 0.76 2.40
0.64 0.77 2.40
0.63 0.77 2.40
0.63 0.78 2.40
0.62 0.79 2.40
0.61 0.79 2.40
0.60 0.80 2.40
0.59 0.80 2.40
0.59 0.81 2.40
0.58 0.82 2.40
0.57 0.82 2.40
0.56 0.83 2.40
0.55 0.83 2.40
0.54 0.84 2.40
0.54 0.84 2.40
0.53 0.85 2.40
0.52 0.85 2.40
0.51 0.86 2.40
0.50 0.86 2.40
0.49 0.87 2.40
0.48 0.87 2.40
0.48 0.88 2.40
0.47 0.88 2.40
0.46 0.89 2.40
0.45 0.89 2.40
0.44 0.90 2.40
0.43 0.90 2.40
0.42 0.91 2.40
0.41 0.91 2.40
0.40 0.91 2.40
0.40 0.92 2.40
0.39 0.92 2.40
0.38 0.93 2.40
0.37 0.93 2.40
0.36 0.93 2.40
0.35 0.94 2.40
0.34 0.94 2.40
0.33 0.94 2.40
0.32 0.95 2.40
0.31 0.95 2.40
0.30 0.95 2.40
0.29 0.96 2.40
0.28 0.96 2.40
0.27 0.96 2.40
0.26 0.96 2.40
0.25 0.97 2.40
0.24 0.97 2.40
0.24 0.97 2.40
0.23 0.97 2.40
0.22 0.98 2.40
0.21 0.98 2.40
0.20 0.98 2.40
0.19 0.98 2.40
0.18 0.98 2.40
0.17 0.99 2.40
0.16 0.99 2.40
0.15 0.99 2.40
0.14 0.99 2.40
0.13 0.99 2.40
0.12 0.99 2.40
0.11 0.99 2.40
0.10 1.00 2.40
0.09 1.00 2.40
0.08 1.00 2.40
0.07 1.00 2.40
0.06 1.00 2.40
0.05 1.00 2.40
0.04 1.00 2.40
0.03 1.00 2.40
0.02 1.00 2.40
0.01 1.00 2.40
-0.00 1.00 2.40
-0.01 1.00 2.40
-0.02 1.00 2.40
-0.03 1.00 2.40
-0.04 1.00 2.40
-0.05 1.00 2.40
-0.06 1.00 2.40
-0.07 1.00 2.40
-0.08 1.00 2.40
-0.09 1.00 2.40
-0.10 0.99 2.40
-0.11 0.99 2.40
-0.12 0.99 2.40
-0.13 0.99 2.40
-0.14 0.99 2.40
-0.15 0.99 2.40
-0.16 0.99 2.40
-0.17 0.99 2.40
-0.18 0.98 2.40
-0.19 0.98 2.40
-0.20 0.98 2.40
-0.21 0.98 2.40
-0.22 0.98 2.40
-0.23 0.97 2.40
-0.24 0.97 2.40
-0.25 0.97 2.40
-0.26 0.97 2.40
-0.27 0.96 2.40
-0.28 0.96 2.40
-0.29 0.96 2.40
-0.30 0.96 2.40
-0.30 0.95 2.40
-0.31 0.95 2.40
-0.32 0.95 2.40
-0.33 0.94 2.40
-0.34 0.94 2.40
-0.35 0.94 2.40
-0.36 0.93 2.40
-0.37 0.93 2.40
-0.38 0.93 2.40
-0.39 0.92 2.40
-0.40 0.92 2.40
-0.41 0.91 2.40
1.00 0.00 3.00
1.00 0.01 3.00
1.00 0.02 3.00
1.00 0.03 3.00
1.00 0.04 3.00
1.00 0.05 3.00
1.00 0.06 3.00
1.00 0.07 3.00
1.00 0.08 3.00
1.00 0.09 3.00
1.00 0.10 3.00
0.99 0.11 3.00
0.99 0.12 3.00
0.99 0.13 3.00
0.99 0.14 3.00
0.99 0.15 3.00
0.99 0.16 3.00
0.99 0.17 3.00
0.98 0.18 3.00
0.98 0.19 3.00
0.98 0.20 3.00
0.98 0.21 3.00
0.98 0.22 3.00
0.97 0.23 3.00
0.97 0.24 3.00
0.97 0.25 3.00
0.97 0.26 3.00
0.96 0.27 3.00
0.96 0.28 3.00
0.96 0.28 3.00
0.96 0.29 3.00
0.95 0.30 3.00
0.95 0.31 3.00
0.95 0.32 3.00
0.94 0.33 3.00
0.94 0.34 3.00
0.94 0.35 3.00
0.93 0.36 3.00
0.93 0.37 3.00
0.93 0.38 3.00
0.92 0.39 3.00
0.92 0.40 3.00
0.91 0.41 3.00
0.91 0.41 3.00
0.91 0.42 3.00
0.90 0.43 3.00
0.90 0.44 3.00
0.89 0.45 3.00
0.89 0.46 3.00
0.88 0.47 3.00
0.88 0.48 3.00
0.87 0.49 3.00
0.87 0.49 3.00
0.86 0.50 3.00
0.86 0.51 3.00
0.85 0.52 3.00
0.85 0.53 3.00
0.84 0.54 3.00
0.84 0.55 3.00
0.83 0.55 3.00
0.83 0.56 3.00
0.82 0.57 3.00
0.82 0.58 3.00
0.81 0.59 3.00
0.80 0.59 3.00
0.80 0.60 3.00
0.79 0.61 3.00
0.79 0.62 3.00
0.78 0.63 3.00
0.77 0.63 3.00
0.77 0.64 3.00
0.76 0.65 3.00
0.75 0.66 3.00
0.75 0.66 3.00
0.74 0.67 3.00
0.73 0.68 3.00
0.73 0.69 3.00
0.72 0.69 3.00
0.71 0.70 3.00
0.71 0.71 3.00
0.70 0.71 3.00
0.69 0.72 3.00
0.69 0.73 3.00
0.68 0.74 3.00
0.67 0.74 3.00
0.66 0.75 3.00
0.66 0.76 3.00
0.65 0.76 3.00
0.64 0.77 3.00
0.63 0.77 3.00
0.63 0.78 3.00
0.62 0.79 3.00
0.61 0.79 3.00
0.60 0.80 3.00
0.59 0.80 3.00
0.59 0.81 3.00
0.58 0.82 3.00
0.57 0.82 3.00
0.56 0.83 3.00
0.55 0.83 3.00
0.54 0.84 3.00
0.54 0.84 3.00
0.53 0.85 3.00
0.52 0.85 3.00
0.51 0.86 3.00
0.50 0.86 3.00
0.49 0.87 3.00
0.48 0.87 3.00
0.48 0.88 3.00
0.47 0.88 3.00
0.46 0.89 3.00
0.45 0.89 3.00
0.44 0.90 3.00
0.43 0.90 3.00
0.42 0.91 3.00
0.41 0.91 3.00
0.40 0.91 3.00
0.40 0.92 3.00
0.39 0.92 3.00
0.38 0.93 3.00
0.37 0.93 3.00
0.36 0.93 3.00
0.35 0.94 3.00
0.34 0.94 3.00
0.33 0.94 3.00
0.32 0.95 3.00
0.31 0.95 3.00
0.30 0.95 3.00
0.29 0.96 3.00
0.28 0.96 3.00
0.27 0.96 3.00
0.26 0.96 3.00
0.25 0.97 3.00
0.24 0.97 3.00
0.24 0.97 3.00
0.23 0.97 3.00
0.22 0.98 3.00
0.21 0.98 3.00
0.20 0.98 3.00
0.19 0.98 3.00
0.18 0.98 3.00
0.17 0.99 3.00
0.16 0.99 3.00
0.15 0.99 3.00
0.14 0.99 3.00
0.13 0.99 3.00
0.12 0.99 3.00
0.11 0.99 3.00
0.10 1.00 3.00
0.09 1.00 3.00
0.08 1.00 3.00
0.07 1.00 3.00
0.06 1.00 3.00
0.05 1.00 3.00
0.04 1.00 3.00
0.03 1.00 3.00
0.02 1.00 3.00
0.01 1.00 3.00
-0.00 1.00 3.00
-0.01 1.00 3.00
-0.02 1.00 3.00
-0.03 1.00 3.00
-0.04 1.00 3.00
-0.05 1.00 3.00
-0.06 1.00 3.00
-0.07 1.00 3.00
-0.08 1.00 3.00
-0.09 1.00 3.00
-0.10 0.99 3.00
-0.11 0.99 3.00
-0.12 0.99 3.00
-0.13 0.99 3.00
-0.14 0.99 3.00
-0.15 0.99 3.00
-0.16 0.99 3.00
-0.17 0.99 3.00
-0.18 0.98 3.00
-0.19 0.98 3.00
-0.20 0.98 3.00
-0.21 0.98 3.00
-0.22 0.98 3.00
-0.23 0.97 3.00
-0.24 0.97 3.00
-0.25 0.97 3.00
-0.26 0.97 3.00
-0.27 0.96 3.00
-0.28 0.96 3.00
-0.29 0.96 3.00
-0.30 0.96 3.00
-0.30 0.95 3.00
-0.31 0.95 3.00
-0.32 0.95 3.00
-0.33 0.94 3.00
-0.34 0.94 3.00
-0.35 0.94 3.00
-0.36 0.93 3.00
-0.37 0.93 3.00
-0.38 0.93 3.00
-0.39 0.92 3.00
-0.40 0.92 3.00
-0.41 0.91 3.00
1.00 0.00 3.60
1.00 0.01 3.60
1.00 0.02 3.60
1.00 0.03 3.60
1.00 0.04 3.60
1.00 0.05 3.60
1.00 0.06 3.60
1.00 0.07 3.60
1.00 0.08 3.60
1.00 0.09 3.60
1.00 0.10 3.60
0.99 0.11 3.60
0.99 0.12 3.60
0.99 0.13 3.60
0.99 0.14 3.60
0.99 0.15 3.60
0.99 0.16 3.60
0.99 0.17 3.60
0.98 0.18 3.60
0.98 0.19 3.60
0.98 0.20 3.60
0.98 0.21 3.60
0.98 0.22 3.60
0.97 0.23 3.60
0.97 0.24 3.60
0.97 0.25 3.60
0.97 0.26 3.60
0.96 0.27 3.60
0.96 0.28 3.60
0.96 0.28 3.60
0.96 0.29 3.60
0.95 0.30 3.60
0.95 0.31 3.60
0.95 0.32 3.60
0.94 0.33 3.60
0.94 0.34 3.60
0.94 0.35 3.60
0.93 0.36 3.60
0.93 0.37 3.60
0.93 0.38 3.60
0.92 0.39 3.60
0.92 0.40 3.60
0.91 0.41 3.60
0.91 0.41 3.60
0.91 0.42 3.60
0.90 0.43 3.60
0.90 0.44 3.60
0.89 0.45 3.60
0.89 0.46 3.60
0.88 0.47 3.60
0.88 0.48 3.60
0.87 0.49 3.60
0.87 0.49 3.60
0.86 0.50 3.60
0.86 0.51 3.60
0.85 0.52 3.60
0.85 0.53 3.60
0.84 0.54 3.60
0.84 0.55 3.60
0.83 0.55 3.60
0.83 0.56 3.60
0.82 0.57 3.60
0.82 0.58 3.60
0.81 0.59 3.60
0.80 0.59 3.60
0.80 0.60 3.60
0.79 0.61 3.60
